0.00393057
0.00283001
0.00242123
0.00902459
0.00386768
0.00443368
0.00333312
0.00588013
0.00276712
0.122225
0.00638325
0.00223256
0.00235834
0.00210679
0.00990504
0.0028929
0.0017609
0.00213823
0.0427332
0.00572291
0.00172945
0.046821
0.00182378
0.0327967
0.00361612
0.00308157
0.0898371
0.0393057
0.00949626
0.058707
0.108767
0.0528898
0.029778
0.0111628
0.233161
0.0634866
0.102572
0.00333312
0.00242123
0.00185523
0.00572291
0.00229545
0.00251557
0.00194956
0.00125778
0.00367901
0.00433935
0.00433935
0.00235834
0.00308157
0.00594302
0.00437079
0.00279857
0.999465
0.00182378
0.00462235
0.00248412
0.00267279
0.00295579
0.0037419
0.00254701
0.00201245
0.00399346
0.00308157
0.00279857
0.00355324
0.00242123
0.00380479
0.00358468
0.00389913
0.00443368
0.00251557
0.00276712
0.00276712
0.00210679
0.0023269
0.00415068
0.0142129
0.00295579
0.0023269
0.00270423
0.00286146
0.00930759
0.00729514
0.017043
0.0437708
0.0827621
0.00163512
0.11144
0.0962204
0.236023
0.125307
0.0208163
0.00125778
0.00172945
0.00119489
0.00308157
0.0316647
0.0164141
0.00273568
0.0202503
0.00220112
0.00235834
0.00833281
0.00198101
0.00172945
0.00371046
0.00380479
0.0020439
0.00283001
0.00185523
0.01132
0.00279857
0.00223256
0.0034589
0.0645242
0.0186466
0.0186152
0.00921326
0.0327652
0.0163512
0.0598704
0.00562858
0.0228602
0.0196529
0.00833281
0.0133954
0.0405635
0.0194642
0.0110685
0.0212251
0.00672914
0.00323879
0.0721024
0.00264134
0.00194956
0.0209421
0.00383624
0.00364757
0.00283001
0.00210679
0.00245268
0.00440224
0.00254701
0.00537702
0.00543991
0.00276712
0.00257845
0.00254701
0.00248412
0.00610025
0.00305012
0.00433935
0.00421357
0.00207534
0.00276712
0.00251557
0.00286146
0.00349035
0.0122948
0.00474813
0.0069178
0.00364757
0.0548079
0.00836425
0.00462235
0.00242123
0.00531413
0.00364757
0.00509402
0.00327023
0.00283001
0.00242123
0.00229545
0.075467
0.00295579
0.00220112
